docker build --no-cache --target runtime -t neuron-function:latest .

docker build --no-cache --progress=plain --target runtime -t neuron-function:latest .


docker run -d --name neuron-test \
  --network kafka_docker_kafka-network \
  -p 5000:5000 \
  -e PARAMETERS='{
        "layer_id": "layer_0",
        "layer_id_num": "0",
        "is_final_layer": "0",
        "neuron_id": "0",
        "weights": "[-0.027723316103219986, 0.03240501135587692, 0.02736024186015129, -0.006829994730651379, -0.019160646945238113, 0.029106449335813522, 0.008318060077726841, 0.008020423352718353, -0.0011195553233847022, -0.019991345703601837, 0.0323396697640419, 0.013738837093114853, 0.021732602268457413, -0.018649941310286522, 0.027557171881198883, 0.02492823824286461, 0.0025349759962409735, -0.019363921135663986, -0.008887607604265213, 0.029571302235126495, -0.015981893986463547, 0.030207175761461258, -0.015289118513464928, 0.012711227871477604, -0.018431149423122406, 0.0025002446491271257, 0.028014596551656723, 0.03629453480243683, 0.035193562507629395, -0.019141610711812973, 0.019556675106287003, 0.03237681835889816, 0.03382907062768936, -0.025885945186018944, 0.03135392442345619, -0.02152290940284729, 0.030075695365667343, 0.0015418350230902433, -0.025287985801696777, -0.016031645238399506, 0.02885415405035019, 0.01564973220229149, -0.023614760488271713, 0.00379942380823195, 0.011464306153357029, -0.0006241158116608858, -0.01721350848674774, -0.00792831089347601, -0.0007260098354890943, -0.022736145183444023, -0.02233063615858555, 0.00019283359870314598, -0.02980167418718338, 0.021494802087545395, -0.001725977985188365, -0.028973685577511787, -0.030262034386396408, -0.02943236567080021, 0.03442366421222687, -0.006376618519425392, -0.003877444891259074, 0.00452752411365509, 0.008411144837737083, 0.007668508682399988, -0.0191611647605896, 0.025963345542550087, 0.029040547087788582, 0.00277998810634017, 0.03052898868918419, 0.027312081307172775, 0.015382551588118076, 0.04321320354938507, 0.06425616145133972, -0.0018423416186124086, -0.04991107061505318, -0.023379497230052948, 0.0009486509952694178, -0.03189881145954132, -0.003591834334656596, 0.025221267715096474, -0.021452834829688072, -0.01604459248483181, 0.028023339807987213, 0.03209736943244934, 0.008876727893948555, -0.014848352409899235, 0.014155146665871143, 0.030705612152814865, -0.028476811945438385, -0.0076219066977500916, 0.0009394510998390615, 0.013479374349117279, 0.009185939095914364, -0.024143923074007034, 0.010813741013407707, 0.0839570015668869, 0.10261470079421997, 0.10391142964363098, 0.15711727738380432, 0.2205764353275299, 0.15234017372131348, 0.09148270636796951, -0.011235060170292854, -0.05996750667691231, -0.024813849478960037, -0.039944086223840714, -0.0753839761018753, -0.06175670772790909, 0.017548581585288048, -0.02374647930264473, 0.00016813025285955518, -0.019108116626739502, -0.02069668471813202, -0.03236733749508858, -0.004015977960079908, -0.0058895195834338665, -0.019246017560362816, 0.03469518944621086, -0.009357303380966187, 0.005434846971184015, 0.053849536925554276, 0.04099450260400772, 0.07514243572950363, 0.13346339762210846, 0.12263336032629013, 0.24447274208068848, 0.26425495743751526, 0.31350037455558777, 0.28584957122802734, 0.22555629909038544, 0.1009320616722107, -0.01088978722691536, -0.02889794111251831, -0.07431361079216003, -0.028934001922607422, -0.09171096235513687, -0.022008927538990974, -0.03140891715884209, -0.012194749899208546, 0.014849437400698662, 0.0072002955712378025, 0.02266102284193039, 0.02905912511050701, 0.03378444164991379, 0.0034370224457234144, -0.02657417021691799, 0.023969244211912155, 0.03408876806497574, -0.00830033142119646, -0.0429840125143528, 0.025923345237970352, 0.014171482063829899, 0.04359254986047745, 0.003308469895273447, 0.059598978608846664, 0.0944191962480545, 0.20805519819259644, 0.22196055948734283, 0.19783546030521393, 0.05813607946038246, -0.006753306370228529, -0.03263843059539795, -0.03433019295334816, -0.10515603423118591, -0.09231235086917877, 0.007641375530511141, -0.026521438732743263, -0.013995782472193241, -0.022850070148706436, 0.025301530957221985, 0.03571433201432228, 0.04077652841806412, -0.018334003165364265, 0.042098697274923325, 0.012690971605479717, -0.015414290130138397, -0.06489640474319458, -0.03636740520596504, -0.032750338315963745, -0.077603280544281, -0.07605919986963272, -0.001714577549137175, -0.16557751595973969, -0.05721133202314377, 0.16546428203582764, 0.33362486958503723, 0.33405977487564087, 0.19980189204216003, 0.035021379590034485, -0.004878930747509003, -0.02318296581506729, -0.04874234274029732, -0.10587380081415176, -0.01738567464053631, -0.030878208577632904, 0.023283254355192184, -0.02372836321592331, -0.017774084582924843, 0.023316603153944016, 0.012007513083517551, 0.021974267438054085, 0.0013032016577199101, -0.00523765105754137, -0.06880723685026169, -0.09995784610509872, -0.042737167328596115, -0.03778811916708946, -0.055810537189245224, -0.04219186305999756, -0.12008694559335709, -0.16688713431358337, -0.10353749990463257, 0.11860855668783188, 0.33012866973876953, 0.35178685188293457, 0.1875021606683731, 0.03524716943502426, -0.04465166851878166, -0.013270851224660873, -0.05635752156376839, -0.07009617239236832, -0.07218558341264725, -0.01954968087375164, -0.013424186035990715, -0.010993422009050846, 0.01034056581556797, -0.031444091349840164, 0.009051778353750706, 0.040602609515190125, 0.00031106622191146016, -0.05876634269952774, -0.09245829284191132, -0.0784536674618721, 0.02230876311659813, 0.0014540364500135183, -0.12237053364515305, -0.1223238855600357, -0.27817994356155396, -0.29912450909614563, -0.13019129633903503, 0.18042662739753723, 0.4020363688468933, 0.2617771029472351, 0.09745477139949799, -0.004249797202646732, -0.08723142743110657, -0.0658930167555809, -0.031383875757455826, -0.06335552781820297, -0.08005497604608536, -0.015312309376895428, -0.029253730550408363, -0.012149575166404247, 0.03490886837244034, -0.02672124281525612, 0.014534225687384605, -0.035799358040094376, -0.045801691710948944, -0.09238187223672867, -0.15365132689476013, -0.14355115592479706, -0.12520019710063934, -0.22362098097801208, -0.2744169533252716, -0.3391844630241394, -0.41112300753593445, -0.3846582770347595, -0.17324353754520416, 0.22521039843559265, 0.3533491790294647, 0.17074671387672424, 0.06452734023332596, -0.08769924193620682, -0.14391405880451202, -0.0518307127058506, -0.03533460199832916, -0.09873512387275696, -0.079243965446949, 0.01562901772558689, -0.009568569250404835, -0.01423107273876667, 0.022897573187947273, 0.038920316845178604, -0.008485132828354836, -0.0678366869688034, -0.11463234573602676, -0.1553843915462494, -0.1803988367319107, -0.22367626428604126, -0.26790526509284973, -0.26770320534706116, -0.305098295211792, -0.27118200063705444, -0.3111205995082855, -0.2674936056137085, -0.0876709446310997, 0.2539404332637787, 0.3010898232460022, 0.15523003041744232, 0.04262743145227432, -0.061796121299266815, -0.03304990008473396, 0.0042739748023450375, -0.030656542629003525, -0.07518866658210754, -0.029119515791535378, -0.030661320313811302, 0.027481697499752045, -0.001960204215720296, 0.03470918536186218, 0.00056769436923787, 0.0012025506002828479, -0.07391180098056793, -0.1670645922422409, -0.16871610283851624, -0.25017422437667847, -0.1879849135875702, -0.12236258387565613, -0.10657394677400589, -0.07313383370637894, -0.07952357828617096, -0.038584429770708084, 0.005985717289149761, 0.012768469750881195, 0.09330534189939499, 0.17889277637004852, -0.04048144072294235, -0.007563232909888029, -0.032891012728214264, -0.04146287590265274, -0.0038520856760442257, -0.02364722453057766, -0.0680355578660965, -0.02771751396358013, 0.009520378895103931, 0.032905034720897675, 0.025356445461511612, -0.018194178119301796, 0.030947837978601456, 0.01773335412144661, -0.0906749963760376, -0.15974605083465576, -0.14267638325691223, -0.06326940655708313, -0.00700589781627059, 0.05526937544345856, 0.10911230742931366, 0.13379709422588348, 0.1544644981622696, 0.09360626339912415, -0.0625772699713707, -0.09699438512325287, 0.01284805964678526, -0.05226607993245125, -0.1497853845357895, -0.14284667372703552, -0.011989998631179333, -0.008962491527199745, -0.012883380986750126, -0.05851094797253609, 0.03771171346306801, 0.037997886538505554, -0.021212337538599968, 0.015126775950193405, 0.006730787921696901, 0.033584874123334885, 0.027800804004073143, -0.030717553570866585, -0.06773215532302856, -0.06454499065876007, 0.009805596433579922, 0.08774542808532715, 0.15284830331802368, 0.2068846970796585, 0.11956597119569778, 0.18652880191802979, 0.083979032933712, 0.03873699903488159, -0.007768569514155388, -0.07659569382667542, -0.06331992149353027, -0.05923029035329819, -0.08694764226675034, -0.08920983970165253, 0.0035053326282650232, 0.07507599890232086, 0.038225654512643814, -0.0024862857535481453, -0.002389658009633422, -0.012601925991475582, 0.01857655495405197, 0.037754643708467484, -0.023485109210014343, -0.006423644721508026, 0.030529893934726715, -0.011239921674132347, -0.001818463671952486, 0.07385500520467758, 0.08815812319517136, 0.15749742090702057, 0.18257927894592285, 0.230838805437088, 0.15067921578884125, 0.11962126195430756, 0.042699821293354034, 0.004222515504807234, 0.05788351595401764, -0.017493415623903275, -0.02388206496834755, 0.048018332570791245, -0.07426320016384125, 0.02404460869729519, 0.08714331686496735, 0.13961446285247803, -0.025761667639017105, 0.005969838239252567, -4.269255805411376e-05, 0.010189666412770748, -0.02224806137382984, -0.011996470391750336, -0.004504692275077105, -0.0028167697601020336, 0.0103058572858572, 0.040506500750780106, 0.0664689764380455, 0.15377770364284515, 0.10503972321748734, 0.14397737383842468, 0.05460747703909874, 0.08486760407686234, 0.052164748311042786, 0.03793810307979584, -0.05446137115359306, -0.022878697142004967, 0.004033147823065519, -0.03186652064323425, -0.033629804849624634, 0.008764222264289856, -0.03039226122200489, 0.010956170968711376, 0.04866553097963333, 0.02651594951748848, 0.029342524707317352, -0.01974082551896572, -0.00902416743338108, -0.01596500165760517, 0.044756606221199036, 0.02338542602956295, -0.008782723918557167, -0.023365432396531105, 0.02278190106153488, 0.046087998896837234, 0.09170596301555634, 0.14224328100681305, 0.12547464668750763, 0.06425893306732178, -0.002728912513703108, 0.10444602370262146, 0.057277049869298935, -0.022222675383090973, -0.0029493262991309166, -0.02440343052148819, -0.06386090815067291, -0.040140096098184586, -0.02932572551071644, 0.07862306386232376, 0.11315180361270905, 0.1024426519870758, 0.029485860839486122, 0.05242272838950157, -0.012206831015646458, 0.012207750231027603, -0.019086476415395737, 0.046759191900491714, 0.015466759912669659, -0.004528859630227089, 0.03288629651069641, 0.0267194751650095, 0.01182851754128933, 0.05054020136594772, 0.12742672860622406, 0.06772460788488388, 0.014572148211300373, -0.004400738514959812, -0.016479749232530594, -0.0334305614233017, -0.014576660469174385, -0.04893796518445015, -0.06960169970989227, -0.06980817764997482, -0.11450009047985077, 0.036535248160362244, 0.10709413886070251, 0.0903826579451561, 0.13727547228336334, 0.036348022520542145, -0.004183301702141762, -0.030053285881876945, 0.04552868753671646, -0.010199795477092266, 0.01497082319110632, 0.03348024934530258, 0.02443329058587551, 0.02045244723558426, 0.01875775121152401, 0.004204486962407827, 0.0011778668267652392, 0.10059981048107147, 0.08932813256978989, 0.07367497682571411, -0.009871495887637138, 0.00629859883338213, 0.03458739444613457, -0.014414461329579353, -0.03195121884346008, -0.09299002587795258, -0.13715045154094696, -0.06490033119916916, -0.040237437933683395, 0.03590146452188492, 0.12640857696533203, 0.01417524740099907, 0.06554151326417923, 0.0329650342464447, 0.011045271530747414, 0.02139986678957939, 0.028099263086915016, 0.025741448625922203, -0.035052940249443054, -0.019932031631469727, 0.035152263939380646, 0.01133816596120596, -0.022029994055628777, 0.011317409574985504, 0.04286862537264824, 0.07345282286405563, 0.07566733658313751, 0.054535429924726486, 0.03611354902386665, -0.01541704498231411, -0.006802427116781473, -0.007790140341967344, -0.02785245142877102, -0.09013393521308899, -0.10061251372098923, 0.01570073328912258, 0.061518751084804535, 0.05052328482270241, 0.04812024533748627, 0.023713545873761177, -0.01023067906498909, -0.020673656836152077, 0.03104478493332863, -0.020736252889037132, -0.050251979380846024, 0.01072582695633173, -0.021612975746393204, 0.027457747608423233, 0.015112156979739666, 0.011965989135205746, 0.00782462116330862, 0.025071965530514717, -0.022179119288921356, 0.07417033612728119, 0.09784123301506042, 0.015330154448747635, -0.01181826088577509, -0.015905238687992096, -0.006150234956294298, -0.017229072749614716, -0.054576583206653595, -0.07458318024873734, -0.029269326478242874, -0.006559953559190035, -0.04136304184794426, -0.007021800614893436, -0.013098767027258873, 0.015561399981379509, 0.05141935497522354, 0.055283524096012115, 0.08687186241149902, 0.005632647313177586, -0.023591261357069016, -0.004650864750146866, 0.012355501763522625, -0.01683090068399906, 0.021100850775837898, 0.03178141638636589, -0.031510815024375916, 0.019459744915366173, 0.05193792283535004, 0.08294163644313812, 0.08021745830774307, -0.011040771380066872, -0.02896212786436081, -0.007930482737720013, -0.035647399723529816, -0.06181507930159569, -0.11005615442991257, -0.09317116439342499, -0.17490063607692719, -0.1060115322470665, -0.06567063927650452, -0.04442339390516281, 0.04048944637179375, 0.04033167287707329, -0.0038207019679248333, 0.06760623306035995, 0.047689877450466156, 0.029433896765112877, 0.017772438004612923, 0.03647854924201965, -0.01753857731819153, 0.005401888396590948, 0.0035354895517230034, -0.0018222637008875608, 0.019340211525559425, 0.01624590903520584, 0.04801395907998085, 0.04604896903038025, -0.005620679352432489, 0.02832382172346115, 0.05359186604619026, -0.01777169294655323, -0.050368741154670715, -0.03886236995458603, -0.052556440234184265, -0.06832993030548096, -0.123663529753685, -0.019050151109695435, -0.00021533502149395645, 0.021461045369505882, 0.002494486980140209, 0.018622281029820442, -0.03463493660092354, 0.03297256678342819, -0.0006704309489578009, 0.02905815839767456, 0.021244222298264503, -0.01017376035451889, 0.027577649801969528, 0.015327055007219315, -0.0298243947327137, -0.018949130550026894, 0.02329905703663826, 0.027256198227405548, 0.04034813866019249, -0.0045877438969910145, 0.004972491879016161, 0.050598546862602234, 0.03690990060567856, 0.038425035774707794, 0.013183517381548882, 0.008290406316518784, 0.06424491107463837, -0.015422848984599113, -0.07273544371128082, -0.041702739894390106, -0.045955706387758255, -0.0447193942964077, -0.040346041321754456, -0.02655721828341484, 0.0522860512137413, -0.02958212047815323, 0.029301680624485016, 0.024233877658843994, 0.028004758059978485, -0.021775245666503906, 0.025584349408745766, -0.0069508315064013, 0.00016342313028872013, 0.033740781247615814, 0.003400499699637294, -0.019408520311117172, -0.028055159375071526, 0.019775591790676117, 0.03409167379140854, 0.038373153656721115, 0.01709723472595215, -0.014665060676634312, 0.042100682854652405, 0.046649735420942307, -0.016800038516521454, -0.05449208244681358, -0.04145732522010803, 0.014896136708557606, -0.008267641067504883, -0.034218549728393555, -0.04071194306015968, -0.022132739424705505, -0.034014999866485596, -0.06585164368152618, -0.03862335532903671, -0.00931157823652029, -0.006619946099817753, 0.0010944342939183116, -0.012854204513132572, 0.016544384881854057, 0.006461660843342543, 0.0359148308634758, 0.011166331358253956, -0.024268601089715958, 0.008639056235551834, 0.029353847727179527, -0.01262204721570015, 0.0007117458735592663, 0.04149267077445984, -0.011346856132149696, -0.003201894462108612, -0.015101310797035694, 0.050514739006757736, -0.016975296661257744, -0.03230930119752884, -0.04003221541643143, -0.060556285083293915, -0.03663446009159088, -0.061303649097681046, -0.02791494131088257, -0.016332855448126793, -0.063154436647892, -0.050207268446683884, -0.05399829521775246, -0.037122126668691635, 0.009705918841063976, -0.01977246254682541, -0.017125094309449196, 0.025676023215055466, -0.024142451584339142, 0.005576780065894127, 0.0047602406702935696, 0.021269917488098145, -0.015337372198700905, 0.02242974378168583, 0.025790970772504807, -0.02991887740790844, -0.023171905428171158, -0.004236630629748106, -0.01267199870198965, -0.004102711565792561, -0.03057035058736801, -0.016280265524983406, -0.036877114325761795, -0.04121138155460358, -0.06548565626144409, 0.000831959827337414, -0.016125788912177086, -0.01625259406864643, 0.007444977294653654, -0.049788784235715866, -0.04642770066857338, -0.03374435007572174, 0.017642298713326454, -0.004289005883038044, -0.008713717572391033, -0.032566480338573456, -0.020327895879745483, 0.004855500068515539, 0.03536291420459747, -0.0011894552735611796, -0.01618846133351326, 0.03453213721513748, 0.02574954554438591, -0.032057467848062515, 0.011433015577495098, -0.0188595000654459, 0.011955326423048973, 0.019666103646159172, -0.017782559618353844, 0.032105959951877594, -0.007076318841427565, 0.012033922597765923, -0.021105706691741943, 0.008701153099536896, 0.021870719268918037, 0.02892187051475048, -0.019149629399180412, -0.02503320761024952, 0.0007667876780033112, 0.010468536987900734, 0.025990907102823257, 0.03331385552883148, 0.0120897451415658, -0.009704072959721088, -0.018371563404798508]",
        "bias": "0.015202848240733147",
        "activation": "relu",
        "neuron_count": "128"
    }' \
  -e KAFKA_BROKER=kafka:29092 \
  -e REDIS_URL=host.docker.internal:6379 \
  neuron-function:latest